20 180
20 180
21 180
22 180
23 180
24 180
25 180
26 180
26 180
27 180.108
28 180.217
29 180.325
30 180.434
31 180.542
32 180.651
33 180.759
34 180.867
35 180.976
36 181.084
37 181.193
38 181.301
39 181.41
40 181.518
41 181.627
42 181.735
43 181.843
44 181.952
45 182.06
46 182.169
47 182.277
48 182.386
49 182.494
50 182.602
51 182.711
52 182.819
53 182.928
54 183.036
55 183.145
56 183.253
57 183.361
58 183.47
59 183.578
60 183.687
61 183.795
62 183.904
63 184.012
64 184.12
65 184.229
66 184.337
67 184.446
68 184.554
69 184.663
70 184.771
71 184.88
72 184.988
73 185.096
74 185.205
75 185.313
76 185.422
77 185.53
78 185.639
79 185.747
80 185.855
81 185.964
82 186.072
83 186.181
84 186.289
85 186.398
86 186.506
87 186.614
88 186.723
89 186.831
90 186.94
91 187.048
92 187.157
93 187.265
94 187.373
95 187.482
96 187.59
97 187.699
98 187.807
99 187.916
100 188.024
101 188.133
102 188.241
103 188.349
104 188.458
105 188.566
106 188.675
107 188.783
108 188.892
109 189
109 189
110 168.75
111 148.5
112 128.25
113 108
114 87.75
115 67.5
116 47.25
117 27
117 27
118 28.5
